camera_matrix:
- - 618.6364141914332
  - 0.0
  - 331.30700310522997
- - 0.0
  - 630.5798513671259
  - 238.6331282037993
- - 0.0
  - 0.0
  - 1.0
dist_coeff:
- - 0.0
- - 0.0
- - 0.0
- - 0.0
